# environment.yml

name: c:\Users\rafae\OneDrive\Documentos\MyProjects\BagdaBoot\.conda
channels:
  - conda-forge
  - defaults
dependencies:
  - aiohttp=3.9.3=py311ha68e1ae_1
  - aiosignal=1.3.1=pyhd8ed1ab_0
  - annotated-types=0.6.0=pyhd8ed1ab_0
  - anyio=4.3.0=pyhd8ed1ab_0
  - async-timeout=4.0.3=pyhd8ed1ab_0
  - attrs=23.2.0=pyh71513ae_0
  - brotli-python=1.1.0=py311h12c1d0e_1
  - bzip2=1.0.8=h2bbff1b_5
  - ca-certificates=2024.3.11=haa95532_0
  - certifi=2024.2.2=py311haa95532_0
  - charset-normalizer=3.3.2=pyhd8ed1ab_0
  - dataclasses-json=0.6.4=pyhd8ed1ab_0
  - exceptiongroup=1.2.0=pyhd8ed1ab_2
  - frozenlist=1.4.1=py311ha68e1ae_0
  - greenlet=3.0.3=py311h12c1d0e_0
  - idna=3.6=pyhd8ed1ab_0
  - intel-openmp=2024.0.0=h57928b3_49841
  - jsonpatch=1.33=pyhd8ed1ab_0
  - jsonpointer=2.4=py311h1ea47a8_3
  - langchain=0.1.12=pyhd8ed1ab_0
  - langchain-text-splitters=0.0.1=pyhd8ed1ab_0
  - libblas=3.9.0=21_win64_mkl
  - libcblas=3.9.0=21_win64_mkl
  - libffi=3.4.4=hd77b12b_0
  - libhwloc=2.9.1=h51c2c0f_0
  - libiconv=1.17=hcfcfb64_2
  - liblapack=3.9.0=21_win64_mkl
  - libxml2=2.10.4=h0ad7f3c_1
  - marshmallow=3.21.1=pyhd8ed1ab_0
  - mkl=2024.0.0=h66d3029_49657
  - multidict=6.0.5=py311ha68e1ae_0
  - mypy_extensions=1.0.0=pyha770c72_0
  - numpy=1.26.4=py311h0b4df5a_0
  - openssl=3.2.1=hcfcfb64_1
  - orjson=3.9.15=py311h633b200_0
  - packaging=23.2=pyhd8ed1ab_0
  - pip=23.3.1=py311haa95532_0
  - pthreads-win32=2.9.1=hfa6e2cd_3
  - pydantic=2.6.4=pyhd8ed1ab_0
  - pydantic-core=2.16.3=py311hc37eb10_0
  - pysocks=1.7.1=pyh0701188_6
  - python=3.11.8=he1021f5_0
  - python_abi=3.11=2_cp311
  - pyyaml=6.0.1=py311ha68e1ae_1
  - requests=2.31.0=pyhd8ed1ab_0
  - setuptools=68.2.2=py311haa95532_0
  - sniffio=1.3.1=pyhd8ed1ab_0
  - sqlalchemy=2.0.28=py311ha68e1ae_0
  - sqlite=3.41.2=h2bbff1b_0
  - tbb=2021.9.0=h91493d7_0
  - tenacity=8.2.3=pyhd8ed1ab_0
  - tk=8.6.12=h2bbff1b_0
  - typing-extensions=4.10.0=hd8ed1ab_0
  - typing_extensions=4.10.0=pyha770c72_0
  - typing_inspect=0.9.0=pyhd8ed1ab_0
  - ucrt=10.0.22621.0=h57928b3_0
  - urllib3=2.2.1=pyhd8ed1ab_0
  - vc=14.2=h21ff451_1
  - vc14_runtime=14.38.33130=h82b7239_18
  - vs2015_runtime=14.38.33130=hcb4865c_18
  - wheel=0.41.2=py311haa95532_0
  - win_inet_pton=1.1.0=pyhd8ed1ab_6
  - xz=5.4.6=h8cc25b3_0
  - yaml=0.2.5=h8ffe710_2
  - yarl=1.9.4=py311ha68e1ae_0
  - zlib=1.2.13=h8cc25b3_0
  - pip:
      - blinker==1.7.0
      - click==8.1.7
      - colorama==0.4.6
      - coloredlogs==15.0.1
      - ctransformers==0.2.27
      - datasets==2.18.0
      - dill==0.3.8
      - filelock==3.13.1
      - flask==3.0.2
      - fsspec==2024.2.0
      - huggingface-hub==0.21.4
      - humanfriendly==10.0
      - itsdangerous==2.1.2
      - jinja2==3.1.3
      - langchain-community==0.0.29
      - langchain-core==0.1.4
      - langsmith==0.0.92
      - markupsafe==2.1.5
      - mpmath==1.3.0
      - multiprocess==0.70.16
      - mysql-connector-python==8.3.0
      - networkx==3.2.1
      - optimum==1.17.1
      - pandas==2.2.1
      - pillow==10.2.0
      - protobuf==4.25.3
      - py-cpuinfo==9.0.0
      - pyarrow==15.0.1
      - pyarrow-hotfix==0.6
      - pyreadline3==3.4.1
      - python-dateutil==2.9.0.post0
      - python-dotenv==1.0.1
      - pytz==2024.1
      - regex==2023.12.25
      - safetensors==0.4.2
      - sentencepiece==0.2.0
      - six==1.16.0
      - sympy==1.12
      - tokenizers==0.15.2
      - torch==2.2.1+cu121
      - torchaudio==2.2.1+cu121
      - torchvision==0.17.1+cu121
      - tqdm==4.66.2
      - transformers==4.38.2
      - tzdata==2024.1
      - werkzeug==3.0.1
      - xxhash==3.4.1
prefix: c:\Users\rafae\OneDrive\Documentos\MyProjects\BagdaBoot\.conda
